	0	1	2	3	4	5	6	7	8	9	10	11	12	13	14	15	16	17	18	19	20	21	22	23	24	25	26	27	28	29	30	31	32	33	34	35	36	37	38	39	40	41	42	43	44	45	46	47	48	49	50
0	1.0	0.0006906111365275412	0.18077795524923973	0.4037827861002665	0.054661152917091116	0.11379575750410233	0.015631517070315626	0.06402783148515222	0.11538780962654076	0.008750664082166838	0.004899898763705008	0.013816194334082677	0.08750214973485708	0.049208534388212356	0.11129364037757519	0.03717137460251463	0.01825134296764807	0.04155851882900354	0.06127011633687231	0.08711831743711607	0.05049720449132095	0.43950273747029933	0.09564626858500083	0.04220535550867541	0.0	0.11602050349945021	0.11466612762363008	0.13713178454655953	0.036088946773318614	0.022276624291993133	0.08656167058941532	0.250691070143693	0.08753100612415217	0.0212457346942534	0.25563876588670265	0.017048898222641228	0.003625165568857141	0.00397939746822282	0.15535340449805696	0.32274071839571516	0.17880959679223757	0.3159708179385784	0.012179596473778982	0.19838740324772083	0.12186285969641353	0.12245122990639887	0.0960636772680679	0.04492427096873108	0.0	0.445838429245134	0.5647648404717983
1	0.0006906111365275412	1.0	0.18148925700115265	0.0005191952767207629	0.003580821646372446	0.01876123579033423	0.00401126087019543	0.03045856678984954	0.01841345642951611	0.004536814687176033	0.011147781037991524	0.007115456810489203	0.0030172838470106478	0.009538815246057611	0.05544247237330085	0.002304940323572641	0.006423158868103398	0.01884829170828957	0.02643185549240249	0.018511334473866773	0.0022076068389660854	0.06229234808958758	0.007887710819033849	0.004692962575387972	0.0	0.005434012395345248	0.012054645055412847	0.0034491577255850157	0.001867838522014754	0.0015446882834824476	0.01491026798952705	0.005054459740926574	0.009548239240167821	0.005355233493278253	0.004686007442803026	0.0067634690412216635	0.0005928828799318073	0.005786919751849282	0.196506397040355	0.013753204004117602	0.22290649988423747	0.2646184678612223	0.15616846849643395	0.0035539120819175407	0.0004963228209226135	0.0013922668559020865	0.0018613897961987952	0.008486369896906112	0.0	0.09136091951635178	0.2091826040668345
2	0.18077795524923973	0.18148925700115265	1.0	0.17388678131563529	0.03323221173958052	0.03952075291606285	0.049092476948050634	0.05907079400204279	0.1240308432704185	0.07667128517120382	0.05251593714772791	0.10371410587955468	0.056038814338826744	0.023633195167487877	0.07266251064201931	0.042517723906644544	0.0006627165582061344	0.1516302169258149	0.026255343253748335	0.009940260486753475	0.1045655900397153	0.16818028265265367	0.030954751877333868	0.04618030297259581	0.0	0.07210361624778176	0.006397258295317156	0.06862460514821801	0.02157832750499151	0.01116357573782906	0.0763000049340533	0.012998446434894548	0.017161054325894366	0.08656479052667625	0.054736836336883456	0.00588645428280715	0.008272779689042248	0.026186859671578144	0.22486962817297457	0.2969367092287113	0.16912627401123392	0.315266731906813	0.3188847875393699	0.11749351821464578	0.07440193677286781	0.10922089559723772	0.17898473278963065	0.07216364195014274	0.0	0.14564061286732882	0.33453467334796116
3	0.4037827861002665	0.0005191952767207629	0.17388678131563529	1.0	0.028179236232197393	0.20198848581529458	0.11591958793809173	0.051842076612314304	0.0018577666671218155	0.16137082775379696	0.045397800791972684	0.1763579456654126	0.11233345112843296	0.07647437079243515	0.006691628370060849	0.033481083243736935	0.04622594778591606	0.11922165898188937	0.12648764092910403	0.08168505253294792	0.1448366490520438	0.23752356724057924	0.0399041529920292	0.04712638484672402	0.0	0.016210249989632924	0.06051391748889482	0.04137959282488528	0.010142836542249555	0.018187737789924174	0.003339069367271886	0.1612935099628081	0.02620156607840935	0.012612489830654447	0.042968423126515415	0.00525215911879982	1.0363469550518885e-05	0.005347011857998263	0.20854472711828184	0.3808285334280945	0.16087332944319735	0.3530643212814524	0.07848512925271585	0.1654613418901772	0.17825291212193128	0.1570302519697352	0.09399768077873777	0.022918604274083914	0.0	0.09075739291773949	0.3688414804053556
4	0.054661152917091116	0.003580821646372446	0.03323221173958052	0.028179236232197393	1.0	0.06462111546124343	0.04179968915580585	0.029501607453228156	0.10690118145902892	0.034179531361394476	0.04333586051718481	0.04020587082010216	0.03756283438675681	0.017910505461678966	0.01102682082413629	0.009476537100044773	0.016740144967906614	0.06155304893792189	0.0060664896702662075	0.0670759324115831	0.038333551191621594	0.03770201497498353	0.1022225734235622	0.0420396269721859	0.0	0.002087001425572534	0.005133380441094796	0.0005452820465889151	0.012051225470760355	0.0019612487902846225	0.0003668740229112921	0.0171237086893221	0.04123094807011914	0.0338985117672536	0.03391322347288073	0.013877668817273618	0.003828266492921978	0.013354376196720044	0.0	0.0	0.0	0.0	0.0	0.03045251209709588	0.025625628528030627	0.08219322771970702	0.051258415872290186	0.011462592651565922	0.0	0.026720846524587956	0.0
5	0.11379575750410233	0.01876123579033423	0.03952075291606285	0.20198848581529458	0.06462111546124343	1.0	0.4102441544690039	0.30314936042748547	0.2704105517270348	0.2165223672579974	0.07586053727521001	0.18918782480399884	0.5989974403970624	0.5357689432854945	0.36137757354439254	0.2161167791207995	0.18339792369402338	0.23849355821013307	0.16818635765342868	0.41318002399297815	0.1669043475189248	0.13486790215626288	0.5379114913084809	0.10613258463783984	0.0	0.13221019994746588	0.02724125206800296	0.03943933186161474	0.001718408466965245	0.0041371460926879515	0.014399669523984086	0.027359607786575823	0.21326795970203746	0.16926277381385593	0.03639851044616321	0.023863471442236706	0.005563322772162557	0.10203244277268701	0.051264902413595194	0.060807723168372324	0.10615326581610195	0.08703744050408832	0.05698063777371187	0.2865834042641189	0.17364928146121933	0.36229674275946017	0.017785046674043316	0.08850542199652893	0.0	0.684352462567263	0.3445504362062905
6	0.015631517070315626	0.00401126087019543	0.049092476948050634	0.11591958793809173	0.04179968915580585	0.4102441544690039	1.0	0.5167460392251988	0.17280053305323204	0.5585250656239678	0.042261274451101116	0.4374447001717326	0.42601606718810214	0.9249072158032948	0.46962237373690485	0.3062459794026019	0.14816867677880807	0.15285448821393205	0.11673064881177413	0.19521244677738123	0.06139755533025426	0.08139494335684298	0.5218907247546198	0.01656049112833574	0.0	0.06612579054401337	0.030597053257254328	0.05832643148679704	0.012278146832703361	0.02428728062620322	0.09846717436722807	0.052955868965343676	0.07727270198218947	0.12641150401796508	0.01871201955770471	0.016833691271453274	0.0057389412346298034	0.03711539432554608	0.43624419240568363	0.1344508313975867	0.7725404124606173	0.6662452358897158	0.45503346399441896	0.19989111280728136	0.11989960889328176	0.2644470457102357	0.2863631099446424	0.22252391831106597	0.0	0.3402658348327896	0.42472955367695375
7	0.06402783148515222	0.03045856678984954	0.05907079400204279	0.051842076612314304	0.029501607453228156	0.30314936042748547	0.5167460392251988	1.0	0.13057671498411616	0.36442282015133926	0.012646551066453113	0.34440188032301555	0.2721605743264907	0.4833546055270623	0.9938508203575	0.29880394967645424	0.20047712453985816	0.07943184899897827	0.024709581925895778	0.12524270766472015	0.03307589794225792	0.021145908738470758	0.322935771495006	0.0015803003396244772	0.0	0.022210039897010432	0.46134154235972463	0.1394938538513391	0.006282763778478006	0.01680532908851714	0.018546795195236835	0.0549663786279843	0.002012282502203498	0.01775345357048803	0.03680054472912197	0.01576120917365616	0.013210569359231233	0.053879552755554505	0.14613466681629286	0.18458541975286707	0.12511902569227015	0.17108729279061616	0.0738112920874345	0.14042478704819242	0.08443969164717842	0.17818505407191793	0.15138247482555514	0.0952939377046625	0.0	0.7755591762718795	0.039446454739796494
8	0.11538780962654076	0.01841345642951611	0.1240308432704185	0.0018577666671218155	0.10690118145902892	0.2704105517270348	0.17280053305323204	0.13057671498411616	1.0	0.07354997316908006	0.2667057482323842	0.10735367641293551	0.1709016938167752	0.1307089278432002	0.08546744600343617	0.04889196790293136	0.05145436354126257	0.34202366117056743	0.1326757901621792	0.2303520954604078	0.02835150149027906	0.1527342131183029	0.33022508995075744	0.22103664103726103	0.0	0.07207698267274014	0.11123085217353167	0.010034215253525165	0.004842034619126435	0.007980508891733558	0.01209384012636242	0.09838245649168367	0.08625593740819963	0.02341553615913602	0.09574786697365546	0.04702579971046073	0.014950502419681525	0.05402060978561029	0.0	0.0	0.0	0.0	0.0	0.35606420308462366	0.2357682769006277	0.1646967700390184	0.21148100923393195	0.08858907782016273	0.0	0.3522950638896342	0.05184637994860049
9	0.008750664082166838	0.004536814687176033	0.07667128517120382	0.16137082775379696	0.034179531361394476	0.2165223672579974	0.5585250656239678	0.36442282015133926	0.07354997316908006	1.0	0.0768414734563005	0.7643127860370281	0.22067462213772893	0.4284851226303254	0.3203529267429508	0.7144931620914432	0.4014711807889911	0.09175468682405503	0.0012316236107730934	0.0572333254680903	0.024508848196249357	0.017219329665618656	0.5398203229403846	0.03475546938927094	0.0	0.15543963258487706	0.26891300904574955	0.08199940931944658	0.026197453441903443	0.030948355396879443	0.030596431576907675	0.06790921910508764	0.03882369900221901	0.011497993827861578	0.021612360349393796	0.02776257908465243	0.0015325124738692554	0.01073826599694835	0.2042423263658098	0.22159361669605135	0.4640821803693387	0.32139284149328123	0.4777322363399633	0.16913917288522548	0.10108451973752171	0.22466211483322213	0.14784605272153978	0.04998646888841027	0.0	0.3693813142974562	0.5813207187322662
10	0.004899898763705008	0.011147781037991524	0.05251593714772791	0.045397800791972684	0.04333586051718481	0.07586053727521001	0.042261274451101116	0.012646551066453113	0.2667057482323842	0.0768414734563005	1.0	0.07616519575641126	0.038782628911573504	0.05740189272939672	0.006018324213903705	0.039712249241404714	0.03666815689914765	0.15142718791589	0.07105995509847637	0.024162623956310764	0.03562479335110606	0.06711288283013048	0.019455893154844466	0.875490773109188	0.0	0.21291551746750087	0.140135627870023	0.0013664985876557741	0.015076348564823334	0.003733900328038305	0.00048615372935617877	0.03196656503849403	0.05260490716332281	0.004764907205727015	0.02287313057275876	0.01702764685134047	0.0066270992237632545	0.0041658610162077355	0.3466301399128968	0.212834715156297	0.15697825124676726	0.15208992652397663	0.46130131396506313	0.05238714155949825	0.021093049818016976	0.018035121852314928	0.057304555489372584	0.06819169634413082	0.0	0.2400947912363184	0.1121564122726977
11	0.013816194334082677	0.007115456810489203	0.10371410587955468	0.1763579456654126	0.04020587082010216	0.18918782480399884	0.4374447001717326	0.34440188032301555	0.10735367641293551	0.7643127860370281	0.07616519575641126	1.0	0.2108918985588328	0.29905390410498056	0.2989206349818754	0.5496125484136226	0.6139357470143684	0.02323444258842869	0.02165161567172016	0.05774521464386681	0.04404821817414393	0.05776735753155466	0.6957444429965991	0.02770236342959489	0.0	0.2706695074879864	0.40097266785657265	0.03855959270924486	0.01746471658150351	0.02462328699817864	0.026139200683802686	0.05882723715400057	0.0837772629497857	0.004404070494518145	0.15725224141477717	0.04246849069947606	0.000803729160632778	0.01646539977599604	0.27785570346811117	0.11780937205355495	0.21600582293178536	0.3696449318099016	0.14484987707108107	0.1973968781704969	0.11945935064239943	0.2576095179213637	0.0016276462491817746	0.1306722132220075	0.0	0.31563314009769433	0.6429651625037782
12	0.08750214973485708	0.0030172838470106478	0.056038814338826744	0.11233345112843296	0.03756283438675681	0.5989974403970624	0.42601606718810214	0.2721605743264907	0.1709016938167752	0.22067462213772893	0.038782628911573504	0.2108918985588328	1.0	0.45222229588467777	0.2659084486715692	0.20689543832520368	0.32619440099770824	0.2666230087027124	0.25316407057349	0.5009795624038718	0.06719291624114757	0.27541473369302727	0.3929128731179634	0.04879469882374316	0.0	0.05938295628028219	0.07229103859642802	0.13205989878107044	0.011838943578234602	0.04930338772768228	0.1249539370513788	0.01621526364156488	0.08270430802277055	0.1508438042859468	0.024294649438949215	0.020682032209987367	0.0032736578957819388	0.03618561129724475	0.0	0.0	0.0	0.0	0.0	0.21604130808215696	0.14458048073047955	0.39698132686357074	0.08017901015755499	0.024389176009434438	0.0	0.8830930321666514	0.46070386019069637
13	0.049208534388212356	0.009538815246057611	0.023633195167487877	0.07647437079243515	0.017910505461678966	0.5357689432854945	0.9249072158032948	0.4833546055270623	0.1307089278432002	0.4284851226303254	0.05740189272939672	0.29905390410498056	0.45222229588467777	1.0	0.4984377798694985	0.34748682639470957	0.17304714523235556	0.2142204255270858	0.16085922437618158	0.2717217526055931	0.09308411198195791	0.22088326134555594	0.5554987858947594	0.025385334423733773	0.0	0.127378691238527	0.013331982955020574	0.16431307021224628	0.027070879070737866	0.044209717655492156	0.22141638548745815	0.18675817429120564	0.1709249393050023	0.20890610157622405	0.00977453369088216	0.005275671813376741	0.005395214489484087	0.01817270934696363	0.0	0.0	0.0	0.0	0.0	0.17163622846683924	0.09779138716889357	0.2776375380811394	0.21373510619804398	0.1656630532015977	0.0	0.4231299924356158	0.3445594348629874
14	0.11129364037757519	0.05544247237330085	0.07266251064201931	0.006691628370060849	0.01102682082413629	0.36137757354439254	0.46962237373690485	0.9938508203575	0.08546744600343617	0.3203529267429508	0.006018324213903705	0.2989206349818754	0.2659084486715692	0.4984377798694985	1.0	0.29452922661627895	0.19906858901206662	0.09795441849867126	0.04898019673922754	0.1817093467158004	0.043698377909128706	0.004326061434788004	0.31131015958792024	0.011602991012520346	0.0	0.16137262808726613	0.5258997247338505	0.2868356676461879	0.018074915078912446	0.02603699296234897	0.06347948052687484	0.14568838520718408	0.023440345031969158	0.004371208801219424	0.06510855521888288	0.030697501253400802	0.027184999121610008	0.06637082159563687	0.0	0.0	0.0	0.0	0.0	0.1105566873442027	0.06293435342815654	0.1630725718682947	0.08936081583369908	0.04836139323777409	0.0	0.9881772546656011	0.26969970912049757
15	0.03717137460251463	0.002304940323572641	0.042517723906644544	0.033481083243736935	0.009476537100044773	0.2161167791207995	0.3062459794026019	0.29880394967645424	0.04889196790293136	0.7144931620914432	0.039712249241404714	0.5496125484136226	0.20689543832520368	0.34748682639470957	0.29452922661627895	1.0	0.5188839768573954	0.020597265140761368	0.05348734465696657	0.09875435154928475	0.08561786392254192	0.03316235482148737	0.3352255547716964	0.006725920423945942	0.0	0.2796454963308031	0.440543133157652	0.11271452207566701	0.016050343988120868	0.1453140444590941	0.06533250338783074	0.022119532197177456	0.07685509466579833	0.008833773029691107	0.011437381573060812	0.031068959602938116	0.0007118156927118661	0.0003431193825117588	0.0	0.0	0.0	0.0	0.0	0.09223980311792504	0.053212126600119314	0.14832913337435893	0.027210575664425894	0.022018609514093065	0.0	0.5683965733396084	0.6264771714746448
16	0.01825134296764807	0.006423158868103398	0.0006627165582061344	0.04622594778591606	0.016740144967906614	0.18339792369402338	0.14816867677880807	0.20047712453985816	0.05145436354126257	0.4014711807889911	0.03666815689914765	0.6139357470143684	0.32619440099770824	0.17304714523235556	0.19906858901206662	0.5188839768573954	1.0	0.10947961419734352	0.12119110488120895	0.06427413547382593	0.0011960053670710658	0.06283287694195107	0.2867055128307842	0.030192380575227887	0.0	0.5195061172126272	0.46342788003435714	0.13099409443115617	0.0037311468547999316	0.07730609906901151	0.19699317162521335	0.007445813514115421	0.18395151706492105	0.04829490395154672	0.07407692436715543	0.008003775888969014	0.0054098065018819835	0.034446804157241454	0.0	0.0	0.0	0.0	0.0	0.09150977477542344	0.0654358250110265	0.17661408167603745	0.033555299620649785	0.10229917832153979	0.0	0.5072837969653653	0.5232615706754838
17	0.04155851882900354	0.01884829170828957	0.1516302169258149	0.11922165898188937	0.06155304893792189	0.23849355821013307	0.15285448821393205	0.07943184899897827	0.34202366117056743	0.09175468682405503	0.15142718791589	0.02323444258842869	0.2666230087027124	0.2142204255270858	0.09795441849867126	0.020597265140761368	0.10947961419734352	1.0	0.19195229352020587	0.20330212658358415	0.0038591419590190508	0.13725974479137654	0.041434221747663126	0.045910709576805334	0.0	0.13854883777549	0.32207415161575303	0.057645194655567625	0.05455802135727091	0.011564440086707033	0.014972954620554573	0.061688250327943124	0.20869312475223853	0.09898849054337505	0.01584796585904731	0.06402114043999077	0.006896978256694318	0.06296441438849368	0.3208863916077434	0.14670653264289182	0.31360393431684147	0.2619064722108411	0.19729452977482848	0.11313757063487948	0.1042703680858744	0.31591271006550037	0.10921622645375129	0.09097187800285161	0.0	0.06958772247868387	0.14626115519028107
18	0.06127011633687231	0.02643185549240249	0.026255343253748335	0.12648764092910403	0.0060664896702662075	0.16818635765342868	0.11673064881177413	0.024709581925895778	0.1326757901621792	0.0012316236107730934	0.07105995509847637	0.02165161567172016	0.25316407057349	0.16085922437618158	0.04898019673922754	0.05348734465696657	0.12119110488120895	0.19195229352020587	1.0	0.17388770510733295	0.012227069663339259	0.0028935581231021657	0.09815515148479571	0.056283138837590535	0.0	0.10368378641057019	0.0477208324405336	0.11913395725553047	0.04977704961701747	0.11820552383190668	0.034440605456023725	0.10352216998849377	0.0852736305382635	0.0614990196405038	0.021115406602613282	0.05189583942044409	0.0056297284773317215	0.0122713839168484	0.40824829046386285	0.0	0.21821789023599242	0.7238320904302714	0.27096064210660364	0.13019076888635805	0.091212760892511	0.18395355040274922	0.04958455460224318	0.000932673169476957	0.0	0.17077375033864958	0.25576897126638043
19	0.08711831743711607	0.018511334473866773	0.009940260486753475	0.08168505253294792	0.0670759324115831	0.41318002399297815	0.19521244677738123	0.12524270766472015	0.2303520954604078	0.0572333254680903	0.024162623956310764	0.05774521464386681	0.5009795624038718	0.2717217526055931	0.1817093467158004	0.09875435154928475	0.06427413547382593	0.20330212658358415	0.17388770510733295	1.0	0.07595301926658558	0.06426615547804083	0.2626337103258313	0.05594777826751197	0.0	0.257925114608462	0.11567238909896524	0.0171658074080954	0.09717522280371943	0.05143990362895265	0.10211114844792499	0.06898102013189698	0.01147629172080829	0.02845126081448226	0.22597975307046983	0.003559187944589746	0.008919920778489661	0.07739298153801212	0.4544637572449557	0.3872803558082343	0.5944815222245451	0.16123240124820365	0.3298327013680823	0.31609942616951386	0.18937673008597117	0.26217404307170455	0.16700289720343228	0.05252005593821734	0.0	0.15426294435264415	0.0
20	0.05049720449132095	0.0022076068389660854	0.1045655900397153	0.1448366490520438	0.038333551191621594	0.1669043475189248	0.06139755533025426	0.03307589794225792	0.02835150149027906	0.024508848196249357	0.03562479335110606	0.04404821817414393	0.06719291624114757	0.09308411198195791	0.043698377909128706	0.08561786392254192	0.0011960053670710658	0.0038591419590190508	0.012227069663339259	0.07595301926658558	1.0	0.13637426761228696	0.13347781762738833	0.026764483161267078	0.0	0.48761101613693475	0.00864872505692257	0.03931813751728858	0.03554356784364904	0.004458076886611306	0.030303423810389817	0.0015175512691730734	0.2676298320578668	0.5967249522589456	0.210342131463343	0.0596376537375567	0.041294361154754704	0.3908929651430145	0.5449492609130661	0.14907119849998599	0.363696483726654	0.516396615092579	0.21709610944415303	0.15660354163007265	0.08710078437578961	0.11379209683799713	0.06440059455787482	0.0416839369550905	0.0	0.008587262965730053	0.0
21	0.43950273747029933	0.06229234808958758	0.16818028265265367	0.23752356724057924	0.03770201497498353	0.13486790215626288	0.08139494335684298	0.021145908738470758	0.1527342131183029	0.017219329665618656	0.06711288283013048	0.05776735753155466	0.27541473369302727	0.22088326134555594	0.004326061434788004	0.03316235482148737	0.06283287694195107	0.13725974479137654	0.0028935581231021657	0.06426615547804083	0.13637426761228696	1.0	0.16905423484006127	0.06004924549240649	0.0	0.1497399517614641	0.14213647527161524	0.010660575951097926	0.04446723739916622	0.0011935383202651526	0.0065361966222637095	0.002114531834993067	0.018855565735882897	0.09812891002151597	0.22029046233035737	0.04421392540673277	0.0057791737341800565	0.01483607030234149	1.0	0.0	1.0	0.0	1.0	0.13900720385956492	0.10480968481394323	0.10018654814009682	0.004983946289186037	0.10944909270596186	0.0	0.07951034527288069	0.0
22	0.09564626858500083	0.007887710819033849	0.030954751877333868	0.0399041529920292	0.1022225734235622	0.5379114913084809	0.5218907247546198	0.322935771495006	0.33022508995075744	0.5398203229403846	0.019455893154844466	0.6957444429965991	0.3929128731179634	0.5554987858947594	0.31131015958792024	0.3352255547716964	0.2867055128307842	0.041434221747663126	0.09815515148479571	0.2626337103258313	0.13347781762738833	0.16905423484006127	1.0	0.04503471635469626	0.0	0.043045782482015	0.17503039787021404	0.014208630294031922	0.0008968051900112883	0.04882254153499426	0.15659139372745196	0.01704297582828147	0.02135936439382164	0.010433893690379182	0.18600665863437812	0.06358553350242403	0.0029822126426765475	0.01047201542081499	0.941299714602646	0.16385924786979597	0.7195961337724155	0.0	0.9131502355158847	0.4527406037656796	0.24867643396668704	0.43996433533192403	0.24934114474318714	0.020586108835255044	0.0	0.3788471360652629	0.0
23	0.04220535550867541	0.004692962575387972	0.04618030297259581	0.04712638484672402	0.0420396269721859	0.10613258463783984	0.01656049112833574	0.0015803003396244772	0.22103664103726103	0.03475546938927094	0.875490773109188	0.02770236342959489	0.04879469882374316	0.025385334423733773	0.011602991012520346	0.006725920423945942	0.030192380575227887	0.045910709576805334	0.056283138837590535	0.05594777826751197	0.026764483161267078	0.06004924549240649	0.04503471635469626	1.0	0.0	0.13638053168350597	0.0006878691422651749	0.008271044130981562	0.04688455197930627	0.02074939818407557	0.0885023169758668	0.06827125377767927	0.05974253202765179	0.010487696386570485	0.03472156836633949	0.03660743342294237	0.005116853912837799	0.005232060414164084	0.5930224749782371	0.32079707625667564	0.28009871772515754	0.04758215340970062	0.6438053439932847	0.050836013069895374	0.030716481462570333	0.06289288108450615	0.039099210951638395	0.004713897333646173	0.0	0.023695426774384482	0.0
24	0.0	0.0	0.0	0.0	0.0	0.0	0.0	0.0	0.0	0.0	0.0	0.0	0.0	0.0	0.0	0.0	0.0	0.0	0.0	0.0	0.0	0.0	0.0	0.0	0.0	0.0	0.0	0.0	0.0	0.0	0.0	0.0	0.0	0.0	0.0	0.0	0.0	0.0	0.0	0.0	0.0	0.0	0.0	0.0	0.0	0.0	0.0	0.0	0.0	0.0	0.0
25	0.11602050349945021	0.005434012395345248	0.07210361624778176	0.016210249989632924	0.002087001425572534	0.13221019994746588	0.06612579054401337	0.022210039897010432	0.07207698267274014	0.15543963258487706	0.21291551746750087	0.2706695074879864	0.05938295628028219	0.127378691238527	0.16137262808726613	0.2796454963308031	0.5195061172126272	0.13854883777549	0.10368378641057019	0.257925114608462	0.48761101613693475	0.1497399517614641	0.043045782482015	0.13638053168350597	0.0	1.0	0.11495697132026082	0.417148795325667	0.015114181819669885	0.0	0.5693676116612819	0.32625625091839494	0.14379739885944168	0.08301219843556808	0.16313805831470773	0.15848809672038816	0.034184985131824705	0.05244717453764397	0.0	0.0	0.0	0.0	0.0	0.019199399640125892	0.03351173943001111	0.011468144039304608	0.32607344863155185	0.4240530249260057	0.0	0.07187024940746307	0.9610940898229572
26	0.11466612762363008	0.012054645055412847	0.006397258295317156	0.06051391748889482	0.005133380441094796	0.02724125206800296	0.030597053257254328	0.46134154235972463	0.11123085217353167	0.26891300904574955	0.140135627870023	0.40097266785657265	0.07229103859642802	0.013331982955020574	0.5258997247338505	0.440543133157652	0.46342788003435714	0.32207415161575303	0.0477208324405336	0.11567238909896524	0.00864872505692257	0.14213647527161524	0.17503039787021404	0.0006878691422651749	0.0	0.11495697132026082	1.0	0.054990277607526	0.04570525978559906	0.007097190275074058	0.027776834093469906	0.032098045380700505	0.28821395313786885	0.05852958964639102	0.011145859814692707	0.4456287937976321	0.09266029252381873	0.02288182079307353	0.0	0.0	0.0	0.0	0.0	0.43368820014935927	0.44461922778404245	0.44475871482334567	0.18915901240705385	0.002226023747214783	0.0	0.84607732258528	0.0
27	0.13713178454655953	0.0034491577255850157	0.06862460514821801	0.04137959282488528	0.0005452820465889151	0.03943933186161474	0.05832643148679704	0.1394938538513391	0.010034215253525165	0.08199940931944658	0.0013664985876557741	0.03855959270924486	0.13205989878107044	0.16431307021224628	0.2868356676461879	0.11271452207566701	0.13099409443115617	0.057645194655567625	0.11913395725553047	0.0171658074080954	0.03931813751728858	0.010660575951097926	0.014208630294031922	0.008271044130981562	0.0	0.417148795325667	0.054990277607526	1.0	0.29262904971465054	0.12003129609803422	0.3160365180911764	0.13191056620433175	0.004391349625064011	0.06743249913048013	0.09051412377592485	0.06953179109592676	0.0437679179839888	0.03945247302486192	0.8153680433034616	0.2679985157046388	0.720224369924078	0.045491595666404455	0.6789297799017734	0.061185737954561226	0.043825839199448956	0.042965949774136106	0.03063092243566109	0.05519294505403824	0.0	0.038227551550689465	0.08614466343477228
28	0.036088946773318614	0.001867838522014754	0.02157832750499151	0.010142836542249555	0.012051225470760355	0.001718408466965245	0.012278146832703361	0.006282763778478006	0.004842034619126435	0.026197453441903443	0.015076348564823334	0.01746471658150351	0.011838943578234602	0.027070879070737866	0.018074915078912446	0.016050343988120868	0.0037311468547999316	0.05455802135727091	0.04977704961701747	0.09717522280371943	0.03554356784364904	0.04446723739916622	0.0008968051900112883	0.04688455197930627	0.0	0.015114181819669885	0.04570525978559906	0.29262904971465054	1.0	0.0054870436679827364	0.00810936967019968	0.05495054342473648	0.04431801769079402	0.07623185267286225	0.1063432627118467	0.1266705024899447	0.10231058879252743	0.09123571116663744	0.0	0.0	0.0	0.0	0.0	0.026851251797308663	0.01913543143112621	0.030462564248959847	0.01698047780602501	0.005420033693673716	0.0	0.04959426626665769	0.0
29	0.022276624291993133	0.0015446882834824476	0.01116357573782906	0.018187737789924174	0.0019612487902846225	0.0041371460926879515	0.02428728062620322	0.01680532908851714	0.007980508891733558	0.030948355396879443	0.003733900328038305	0.02462328699817864	0.04930338772768228	0.044209717655492156	0.02603699296234897	0.1453140444590941	0.07730609906901151	0.011564440086707033	0.11820552383190668	0.05143990362895265	0.004458076886611306	0.0011935383202651526	0.04882254153499426	0.02074939818407557	0.0	0.0	0.007097190275074058	0.12003129609803422	0.0054870436679827364	1.0	0.035320931309352814	0.0014148435996237114	0.01082921910151039	0.04852088326118315	0.007374807398563379	0.0016131353651666954	0.0005260151510300814	0.00316705053248953	0.0	0.0	0.0	0.0	0.0	0.016408371948057908	0.009805995092825478	0.015521867767891431	0.005420616918859215	0.0012529007251279702	0.0	0.0	0.0015896150334533928
30	0.08656167058941532	0.01491026798952705	0.0763000049340533	0.003339069367271886	0.0003668740229112921	0.014399669523984086	0.09846717436722807	0.018546795195236835	0.01209384012636242	0.030596431576907675	0.00048615372935617877	0.026139200683802686	0.1249539370513788	0.22141638548745815	0.06347948052687484	0.06533250338783074	0.19699317162521335	0.014972954620554573	0.034440605456023725	0.10211114844792499	0.030303423810389817	0.0065361966222637095	0.15659139372745196	0.0885023169758668	0.0	0.5693676116612819	0.027776834093469906	0.3160365180911764	0.00810936967019968	0.035320931309352814	1.0	0.07339539895090579	0.03896347796940555	0.10441625223030035	0.07699136711060309	0.06910123734205002	0.00797467924828966	0.00423589517280523	0.0	0.0	0.0	0.0	0.0	0.08747258837891832	0.05955751244432581	0.06208780558108159	0.14485101835238584	0.0756529960856183	0.0	0.05460731575841243	0.393713992807621
31	0.250691070143693	0.005054459740926574	0.012998446434894548	0.1612935099628081	0.0171237086893221	0.027359607786575823	0.052955868965343676	0.0549663786279843	0.09838245649168367	0.06790921910508764	0.03196656503849403	0.05882723715400057	0.01621526364156488	0.18675817429120564	0.14568838520718408	0.022119532197177456	0.007445813514115421	0.061688250327943124	0.10352216998849377	0.06898102013189698	0.0015175512691730734	0.002114531834993067	0.01704297582828147	0.06827125377767927	0.0	0.32625625091839494	0.032098045380700505	0.13191056620433175	0.05495054342473648	0.0014148435996237114	0.07339539895090579	1.0	0.1035076539483939	0.014735170311598987	0.11519272396840065	0.017389707084195363	0.0035751078046700885	0.02763546053634063	0.8606629658238703	0.20672455764868078	0.5555555555555556	0.0	0.7653392215978736	0.1203153864259431	0.07474506279183862	0.132805146722929	0.1301636303686313	0.11649601954419049	0.0	0.37713809802681825	0.09277331147086304
32	0.08753100612415217	0.009548239240167821	0.017161054325894366	0.02620156607840935	0.04123094807011914	0.21326795970203746	0.07727270198218947	0.002012282502203498	0.08625593740819963	0.03882369900221901	0.05260490716332281	0.0837772629497857	0.08270430802277055	0.1709249393050023	0.023440345031969158	0.07685509466579833	0.18395151706492105	0.20869312475223853	0.0852736305382635	0.01147629172080829	0.2676298320578668	0.018855565735882897	0.02135936439382164	0.05974253202765179	0.0	0.14379739885944168	0.28821395313786885	0.004391349625064011	0.04431801769079402	0.01082921910151039	0.03896347796940555	0.1035076539483939	1.0	0.36490943464995523	0.007267776562651375	0.12407447721972736	0.016552572004209964	0.2061781871812431	0.0	0.0	0.0	0.0	0.0	0.08197392503051701	0.045852532476553555	0.00298258507335254	0.04043222276485138	0.15931648782957303	0.0	0.05257043093668959	0.0
33	0.0212457346942534	0.005355233493278253	0.08656479052667625	0.012612489830654447	0.0338985117672536	0.16926277381385593	0.12641150401796508	0.01775345357048803	0.02341553615913602	0.011497993827861578	0.004764907205727015	0.004404070494518145	0.1508438042859468	0.20890610157622405	0.004371208801219424	0.008833773029691107	0.04829490395154672	0.09898849054337505	0.0614990196405038	0.02845126081448226	0.5967249522589456	0.09812891002151597	0.010433893690379182	0.010487696386570485	0.0	0.08301219843556808	0.05852958964639102	0.06743249913048013	0.07623185267286225	0.04852088326118315	0.10441625223030035	0.014735170311598987	0.36490943464995523	1.0	0.2610626630150399	0.20938350015717117	0.03949289911878172	0.5772643932120157	0.0	0.0	0.0	0.0	0.0	0.1751537436473565	0.11275160737230694	0.15210042686128708	0.11217848542436722	0.046013935012634705	0.0	0.0015240065108572786	0.0
34	0.25563876588670265	0.004686007442803026	0.054736836336883456	0.042968423126515415	0.03391322347288073	0.03639851044616321	0.01871201955770471	0.03680054472912197	0.09574786697365546	0.021612360349393796	0.02287313057275876	0.15725224141477717	0.024294649438949215	0.00977453369088216	0.06510855521888288	0.011437381573060812	0.07407692436715543	0.01584796585904731	0.021115406602613282	0.22597975307046983	0.210342131463343	0.22029046233035737	0.18600665863437812	0.03472156836633949	0.0	0.16313805831470773	0.011145859814692707	0.09051412377592485	0.1063432627118467	0.007374807398563379	0.07699136711060309	0.11519272396840065	0.007267776562651375	0.2610626630150399	1.0	0.08708756877612096	0.02264746163284409	0.22618721404912723	0.0	0.0	0.0	0.0	0.0	0.17849040852674683	0.045316829406143753	0.16106128860399863	0.0726084112939289	0.03867624387912364	0.0	0.0569097011078683	0.0
35	0.017048898222641228	0.0067634690412216635	0.00588645428280715	0.00525215911879982	0.013877668817273618	0.023863471442236706	0.016833691271453274	0.01576120917365616	0.04702579971046073	0.02776257908465243	0.01702764685134047	0.04246849069947606	0.020682032209987367	0.005275671813376741	0.030697501253400802	0.031068959602938116	0.008003775888969014	0.06402114043999077	0.05189583942044409	0.003559187944589746	0.0596376537375567	0.04421392540673277	0.06358553350242403	0.03660743342294237	0.0	0.15848809672038816	0.4456287937976321	0.06953179109592676	0.1266705024899447	0.0016131353651666954	0.06910123734205002	0.017389707084195363	0.12407447721972736	0.20938350015717117	0.08708756877612096	1.0	0.01842615595449696	0.22452652048930324	0.33326369784926696	0.0	0.027522675226330864	0.0	0.33075157665995575	0.07286629892409503	0.06591350487064451	0.04368673341450586	0.025996557796060978	0.033406658636012526	0.0	0.06041551076399393	0.0
36	0.003625165568857141	0.0005928828799318073	0.008272779689042248	1.0363469550518885e-05	0.003828266492921978	0.005563322772162557	0.0057389412346298034	0.013210569359231233	0.014950502419681525	0.0015325124738692554	0.0066270992237632545	0.000803729160632778	0.0032736578957819388	0.005395214489484087	0.027184999121610008	0.0007118156927118661	0.0054098065018819835	0.006896978256694318	0.0056297284773317215	0.008919920778489661	0.041294361154754704	0.0057791737341800565	0.0029822126426765475	0.005116853912837799	0.0	0.034184985131824705	0.09266029252381873	0.0437679179839888	0.10231058879252743	0.0005260151510300814	0.00797467924828966	0.0035751078046700885	0.016552572004209964	0.03949289911878172	0.02264746163284409	0.01842615595449696	1.0	0.0774779948063188	0.21793995631607996	0.0	0.36017152423117177	0.0	0.18855711304836126	0.004180785490827204	0.005102776800792563	0.0005537024246394664	0.01156070334362241	0.010141605818537564	0.0	0.048713224162218266	0.0
37	0.00397939746822282	0.005786919751849282	0.026186859671578144	0.005347011857998263	0.013354376196720044	0.10203244277268701	0.03711539432554608	0.053879552755554505	0.05402060978561029	0.01073826599694835	0.0041658610162077355	0.01646539977599604	0.03618561129724475	0.01817270934696363	0.06637082159563687	0.0003431193825117588	0.034446804157241454	0.06296441438849368	0.0122713839168484	0.07739298153801212	0.3908929651430145	0.01483607030234149	0.01047201542081499	0.005232060414164084	0.0	0.05244717453764397	0.02288182079307353	0.03945247302486192	0.09123571116663744	0.00316705053248953	0.00423589517280523	0.02763546053634063	0.2061781871812431	0.5772643932120157	0.22618721404912723	0.22452652048930324	0.0774779948063188	1.0	0.0	0.0	0.0	0.0	0.0	0.08981443735484372	0.056154454610852556	0.06555546398975948	0.012679629806914627	0.028272140828762185	0.0	0.03200498719907043	0.0
38	0.15535340449805696	0.196506397040355	0.22486962817297457	0.20854472711828184	0.0	0.051264902413595194	0.43624419240568363	0.14613466681629286	0.0	0.2042423263658098	0.3466301399128968	0.27785570346811117	0.0	0.0	0.0	0.0	0.0	0.3208863916077434	0.40824829046386285	0.4544637572449557	0.5449492609130661	1.0	0.941299714602646	0.5930224749782371	0.0	0.0	0.0	0.8153680433034616	0.0	0.0	0.0	0.8606629658238703	0.0	0.0	0.0	0.33326369784926696	0.21793995631607996	0.0	1.0	0.1666666666666666	0.5229763603684904	0.0	0.6230935475595886	0.17547855059898534	0.15321761261512606	0.0	0.0908374382650315	0.013791252165615879	0.0	0.0	0.0
39	0.32274071839571516	0.013753204004117602	0.2969367092287113	0.3808285334280945	0.0	0.060807723168372324	0.1344508313975867	0.18458541975286707	0.0	0.22159361669605135	0.212834715156297	0.11780937205355495	0.0	0.0	0.0	0.0	0.0	0.14670653264289182	0.0	0.3872803558082343	0.14907119849998599	0.0	0.16385924786979597	0.32079707625667564	0.0	0.0	0.0	0.2679985157046388	0.0	0.0	0.0	0.20672455764868078	0.0	0.0	0.0	0.0	0.0	0.0	0.1666666666666666	1.0	0.19611613513818388	0.23101065297890616	0.12887130218048112	0.0	0.0	0.0	0.05240545551924686	0.12234492498667308	0.0	0.0	0.0
40	0.17880959679223757	0.22290649988423747	0.16912627401123392	0.16087332944319735	0.0	0.10615326581610195	0.7725404124606173	0.12511902569227015	0.0	0.4640821803693387	0.15697825124676726	0.21600582293178536	0.0	0.0	0.0	0.0	0.0	0.31360393431684147	0.21821789023599242	0.5944815222245451	0.363696483726654	1.0	0.7195961337724155	0.28009871772515754	0.0	0.0	0.0	0.720224369924078	0.0	0.0	0.0	0.5555555555555556	0.0	0.0	0.0	0.027522675226330864	0.36017152423117177	0.0	0.5229763603684904	0.19611613513818388	1.0	0.49080955732553455	0.4965879863508176	0.5822697360784513	0.5928855444672269	0.0	0.5407873630164851	0.5767248796803397	0.0	0.0	0.0
41	0.3159708179385784	0.2646184678612223	0.315266731906813	0.3530643212814524	0.0	0.08703744050408832	0.6662452358897158	0.17108729279061616	0.0	0.32139284149328123	0.15208992652397663	0.3696449318099016	0.0	0.0	0.0	0.0	0.0	0.2619064722108411	0.7238320904302714	0.16123240124820365	0.516396615092579	0.0	0.0	0.04758215340970062	0.0	0.0	0.0	0.045491595666404455	0.0	0.0	0.0	0.0	0.0	0.0	0.0	0.0	0.0	0.0	0.0	0.23101065297890616	0.49080955732553455	1.0	0.7024237263592222	0.9999854184926769	0.9999854184926769	0.0	0.5120745501570744	0.4746168042438108	0.0	0.0	0.0
42	0.012179596473778982	0.15616846849643395	0.3188847875393699	0.07848512925271585	0.0	0.05698063777371187	0.45503346399441896	0.0738112920874345	0.0	0.4777322363399633	0.46130131396506313	0.14484987707108107	0.0	0.0	0.0	0.0	0.0	0.19729452977482848	0.27096064210660364	0.3298327013680823	0.21709610944415303	1.0	0.9131502355158847	0.6438053439932847	0.0	0.0	0.0	0.6789297799017734	0.0	0.0	0.0	0.7653392215978736	0.0	0.0	0.0	0.33075157665995575	0.18855711304836126	0.0	0.6230935475595886	0.12887130218048112	0.4965879863508176	0.7024237263592222	1.0	0.5539480590345308	0.5664356163781095	0.0	0.3052272591138427	0.28371318190903916	0.0	0.0	0.0
43	0.19838740324772083	0.0035539120819175407	0.11749351821464578	0.1654613418901772	0.03045251209709588	0.2865834042641189	0.19989111280728136	0.14042478704819242	0.35606420308462366	0.16913917288522548	0.05238714155949825	0.1973968781704969	0.21604130808215696	0.17163622846683924	0.1105566873442027	0.09223980311792504	0.09150977477542344	0.11313757063487948	0.13019076888635805	0.31609942616951386	0.15660354163007265	0.13900720385956492	0.4527406037656796	0.050836013069895374	0.0	0.019199399640125892	0.43368820014935927	0.061185737954561226	0.026851251797308663	0.016408371948057908	0.08747258837891832	0.1203153864259431	0.08197392503051701	0.1751537436473565	0.17849040852674683	0.07286629892409503	0.004180785490827204	0.08981443735484372	0.17547855059898534	0.0	0.5822697360784513	0.9999854184926769	0.5539480590345308	1.0	0.8109143302077654	0.8206099316205956	0.42356292101328463	0.11406058514796931	0.0	0.2020316217403599	0.47703199647460864
44	0.12186285969641353	0.0004963228209226135	0.07440193677286781	0.17825291212193128	0.025625628528030627	0.17364928146121933	0.11989960889328176	0.08443969164717842	0.2357682769006277	0.10108451973752171	0.021093049818016976	0.11945935064239943	0.14458048073047955	0.09779138716889357	0.06293435342815654	0.053212126600119314	0.0654358250110265	0.1042703680858744	0.091212760892511	0.18937673008597117	0.08710078437578961	0.10480968481394323	0.24867643396668704	0.030716481462570333	0.0	0.03351173943001111	0.44461922778404245	0.043825839199448956	0.01913543143112621	0.009805995092825478	0.05955751244432581	0.07474506279183862	0.045852532476553555	0.11275160737230694	0.045316829406143753	0.06591350487064451	0.005102776800792563	0.056154454610852556	0.15321761261512606	0.0	0.5928855444672269	0.9999854184926769	0.5664356163781095	0.8109143302077654	1.0	0.6925808459187704	0.3582262136777822	0.10504027657152855	0.0	0.12935320108094742	0.4869370483849482
