	0	1	2	3	4	5	6	7	8	9	10	11	12	13	14	15	16	17	18	19	20	21	22	23	24	25	26	27	28	29	30	31	32	33	34	35	36	37	38	39	40	41	42	43	44	45	46	47	48	49	50
0	0.0	0.0	0.0	0.0	0.0	0.0	0.0	0.0	0.0	0.0	0.0	0.0	0.0	0.0	0.0	0.0	0.0	0.0	0.0	0.0	0.0	0.0	0.0	0.0	0.0	0.0	0.0	0.0	0.0	0.0	0.0	0.0	0.0	0.0	0.0	0.0	0.0	0.0	0.0	0.0	0.0	0.0	0.0	0.0	0.0	0.0	0.0	0.0	0.0	0.0	0.0
1	0.0	0.0	0.0	0.0	0.0	0.0	0.0	0.0	0.0	0.0	0.0	0.0	0.0	0.0	0.0	0.0	0.0	0.0	0.0	0.0	0.0	0.0	0.0	0.0	0.0	0.0	0.0	0.0	0.0	0.0	0.0	0.0	0.0	0.0	0.0	0.0	0.0	0.0	0.0	0.0	0.0	0.0	0.0	0.0	0.0	0.0	0.0	0.0	0.0	0.0	0.0
2	0.0	0.0	0.0	0.0	0.0	0.0	0.0	0.0	0.0	0.0	0.0	0.0	0.0	0.0	0.0	0.0	0.0	0.0	0.0	0.0	0.0	0.0	0.0	0.0	0.0	0.0	0.0	0.0	0.0	0.0	0.0	0.0	0.0	0.0	0.0	0.0	0.0	0.0	0.0	0.0	0.0	0.0	0.0	0.0	0.0	0.0	0.0	0.0	0.0	0.0	0.0
3	0.0	0.0	0.0	0.0	0.0	0.0	0.0	0.0	0.0	0.0	0.0	0.0	0.0	0.0	0.0	0.0	0.0	0.0	0.0	0.0	0.0	0.0	0.0	0.0	0.0	0.0	0.0	0.0	0.0	0.0	0.0	0.0	0.0	0.0	0.0	0.0	0.0	0.0	0.0	0.0	0.0	0.0	0.0	0.0	0.0	0.0	0.0	0.0	0.0	0.0	0.0
4	0.0	0.0	0.0	0.0	0.0	0.0	0.0	0.0	0.0	0.0	0.0	0.0	0.0	0.0	0.0	0.0	0.0	0.0	0.0	0.0	0.0	0.0	0.0	0.0	0.0	0.0	0.0	0.0	0.0	0.0	0.0	0.0	0.0	0.0	0.0	0.0	0.0	0.0	0.0	0.0	0.0	0.0	0.0	0.0	0.0	0.0	0.0	0.0	0.0	0.0	0.0
5	0.0	0.0	0.0	0.0	0.0	1.0	0.0006609592764618712	0.001032596824319117	0.007005312015558816	0.0404347506930823	0.13718010703437714	0.17677746085342533	0.019697090390071347	0.017053698103278142	0.017249916211372122	0.017119958648508116	0.020231882457278787	0.0	0.04723925082287272	0.00016472059490639992	0.0001241877624266667	0.004173753312777842	0.0001241877624266667	0.0036153913150980457	0.0	0.0018006846928384985	0.0008084305617480288	0.0011460115180233466	0.0011460115180233466	0.0011460115180233466	0.0011460115180233466	0.0011460115180233466	0.0027708315531732005	0.0027708315531732005	0.0027708315531732005	0.0027708315531732005	0.0027708315531732005	0.0027708315531732005	4.2073218611596194e-05	4.2073218611596194e-05	4.2073218611596194e-05	3.2589734234650566e-05	4.2073218611596194e-05	1.1392272477177962e-05	1.1392272477177962e-05	4.188693755925371e-05	0.0006341506634034889	0.0006341506634034889	0.0	0.0005944114481094461	0.0006954788472155358
6	0.0	0.0	0.0	0.0	0.0	0.0006609592764618712	1.0	0.8072544608483921	0.08454694774154636	0.9663172081602173	0.0034382290421733582	0.006256235590249087	0.007960378510618283	0.4132422900834547	0.3302016087031537	0.4091359626105292	0.0005544520265555773	0.0	0.05803845825272644	0.07040862199272735	0.07129410060747796	0.08619138238042671	0.07129410060747796	0.07262720406808196	0.0	0.02796294321052176	0.07258821934012953	0.09635909374983626	0.09635909374983626	0.09635909374983626	0.09635909374983626	0.09635909374983626	0.09890138656856128	0.09890138656856128	0.09890138656856128	0.09890138656856128	0.09890138656856128	0.09890138656856128	0.00015065551132596958	0.00015065551132596958	0.00015065551132596958	0.0007137188807731435	0.00015065551132596958	0.3702690816060617	0.3702690816060617	0.3626489212796291	0.9985573194724069	0.9985573194724069	0.0	0.01681247013116026	0.008407933677062293
7	0.0	0.0	0.0	0.0	0.0	0.001032596824319117	0.8072544608483921	1.0	0.10395839660575529	0.779705440557027	0.007223767829597014	0.00986352903688422	0.04743984487557615	0.3212247067065018	0.3807586621619157	0.3178575475556108	0.03952457679593997	0.0	0.08276875675350936	0.11168293140869509	0.11256112359281431	0.10187443816655521	0.11256112359281431	0.11382607055545033	0.0	0.022384610513108416	0.10752333669018665	0.13772551915087977	0.13772551915087977	0.13772551915087977	0.13772551915087977	0.13772551915087977	0.10771343411066349	0.10771343411066349	0.10771343411066349	0.10771343411066349	0.10771343411066349	0.10771343411066349	0.0006043290429286406	0.0006043290429286406	0.0006043290429286406	0.00030794990575900324	0.0006043290429286406	0.3954517711734007	0.3954517711734007	0.38682215207680537	0.806051007575827	0.806051007575827	0.0	0.017603622754233314	0.009106439177173846
8	0.0	0.0	0.0	0.0	0.0	0.007005312015558816	0.08454694774154636	0.10395839660575529	1.0	0.06843367377867207	0.03027643798403807	0.05346943987370577	0.4530793534635763	0.36351046523633357	0.3679714762048542	0.3630444291777759	0.4331074956071421	0.0	0.4710095740634469	0.10200526610342976	0.10112805547365852	0.08689346592374413	0.10112805547365852	0.09945288798909468	0.0	0.09121034940323829	0.0642687481488008	0.061778703641613045	0.061778703641613045	0.061778703641613045	0.061778703641613045	0.061778703641613045	0.07734800214418969	0.07734800214418969	0.07734800214418969	0.07734800214418969	0.07734800214418969	0.07734800214418969	0.006324140769673754	0.006324140769673754	0.006324140769673754	0.0048986522478858315	0.006324140769673754	0.06518282578450113	0.06518282578450113	0.0754125496099897	0.08452263015511818	0.08452263015511818	0.0	0.03050353108969711	0.016881909900590412
9	0.0	0.0	0.0	0.0	0.0	0.0404347506930823	0.9663172081602173	0.779705440557027	0.06843367377867207	1.0	0.10855839251632075	0.22873250071119458	0.01943162113207269	0.4265641669101355	0.3458821702649957	0.4233971610397366	0.029030269124686984	0.0	0.02265353692240318	0.06874440983166166	0.06961615976169382	0.08525503005433147	0.06961615976169382	0.07377780310986938	0.0	0.027461980910761085	0.07063548867160525	0.09692117372859771	0.09692117372859771	0.09692117372859771	0.09692117372859771	0.09692117372859771	0.09307201136313294	0.09307201136313294	0.09307201136313294	0.09307201136313294	0.09307201136313294	0.09307201136313294	0.00036974602565776943	0.00036974602565776943	0.00036974602565776943	0.0010146616768170798	0.00036974602565776943	0.35850420619204765	0.35850420619204765	0.35120558842491006	0.96492815757271	0.96492815757271	0.0	0.015619106866632452	0.007937378309447164
10	0.0	0.0	0.0	0.0	0.0	0.13718010703437714	0.0034382290421733582	0.007223767829597014	0.03027643798403807	0.10855839251632075	1.0	0.474608515106716	0.051616210966685575	0.04443692788220791	0.04497641568698211	0.04596331519481625	0.05431814465843167	0.0	0.06590193573334018	0.0012652921183800903	0.001614925836113157	0.0032194341915263622	0.001614925836113157	0.02346922697539133	0.0	0.000943956187504667	0.009068164313203633	0.005751775010045681	0.005751775010045681	0.005751775010045681	0.005751775010045681	0.005751775010045681	7.0550018969479115e-06	7.0550018969479115e-06	7.0550018969479115e-06	7.0550018969479115e-06	7.0550018969479115e-06	7.0550018969479115e-06	0.00011295731775360854	0.00011295731775360854	0.00011295731775360854	8.749625265779835e-05	0.00011295731775360854	0.0013106137979296856	0.0013106137979296856	0.0008837992240158383	0.0034317299479286805	0.0034317299479286805	0.0	0.0016612828221595868	0.0049640938537213386
11	0.0	0.0	0.0	0.0	0.0	0.17677746085342533	0.006256235590249087	0.00986352903688422	0.05346943987370577	0.22873250071119458	0.474608515106716	1.0	0.10929599904279609	0.09423963817949381	0.09547988636712418	0.09684469142873056	0.11444831462306836	0.0	0.13386571655003882	1.591755884094345e-05	1.430318372756135e-06	0.00537315869608354	1.430318372756135e-06	0.012877416598112385	0.0	0.0014735086322141015	0.0019858301250759765	0.013161871651074408	0.013161871651074408	0.013161871651074408	0.013161871651074408	0.013161871651074408	0.00865228415785007	0.00865228415785007	0.00865228415785007	0.00865228415785007	0.00865228415785007	0.00865228415785007	0.0008226709395757507	0.0008226709395757507	0.0008226709395757507	0.0011849653397021094	0.0008226709395757507	0.00357549362490147	0.00357549362490147	0.0030694756725057116	0.006245298759761099	0.006245298759761099	0.0	0.002759715286473955	0.0012551896681918483
12	0.0	0.0	0.0	0.0	0.0	0.019697090390071347	0.007960378510618283	0.04743984487557615	0.4530793534635763	0.01943162113207269	0.051616210966685575	0.10929599904279609	1.0	0.8175942271693071	0.8277680133056452	0.8129128300817315	0.9648485042231376	0.0	0.41191254308980774	0.08083133553846253	0.07907774586472105	0.06509990711101218	0.07907774586472105	0.07639461215384963	0.0	0.09675130327918502	0.10219228417403513	0.055090528707016875	0.055090528707016875	0.055090528707016875	0.055090528707016875	0.055090528707016875	0.2818417193434827	0.2818417193434827	0.2818417193434827	0.2818417193434827	0.2818417193434827	0.2818417193434827	0.002963955917141375	0.002963955917141375	0.002963955917141375	0.002295867509593826	0.002963955917141375	0.024375796399081485	0.024375796399081485	0.031086444087652886	0.008352867764857547	0.008352867764857547	0.0	0.016696954689107577	0.004852569514596016
13	0.0	0.0	0.0	0.0	0.0	0.017053698103278142	0.4132422900834547	0.3212247067065018	0.36351046523633357	0.4265641669101355	0.04443692788220791	0.09423963817949381	0.8175942271693071	1.0	0.9518307927426267	0.990063147964324	0.8356007217221073	0.0	0.3550333700974702	0.0346599359865395	0.0324490085656623	0.017794768931138242	0.0324490085656623	0.030072629602251294	0.0	0.07229333784086212	0.04434209835075676	0.007833854171934017	0.007833854171934017	0.007833854171934017	0.007833854171934017	0.007833854171934017	0.19844632954583605	0.19844632954583605	0.19844632954583605	0.19844632954583605	0.19844632954583605	0.19844632954583605	0.0023703593110940744	0.0023703593110940744	0.0023703593110940744	0.0017327155527356794	0.0023703593110940744	0.20195408783687355	0.20195408783687355	0.20416094678175822	0.41226894072642084	0.41226894072642084	0.0	0.008270758361302099	0.01472731678217004
14	0.0	0.0	0.0	0.0	0.0	0.017249916211372122	0.3302016087031537	0.3807586621619157	0.3679714762048542	0.3458821702649957	0.04497641568698211	0.09547988636712418	0.8277680133056452	0.9518307927426267	1.0	0.9422594836324071	0.8455075759538653	0.0	0.3595074187998694	0.018785812419034834	0.016621481358598224	0.014590401214629957	0.016621481358598224	0.014187475491032565	0.0	0.07519477929473155	0.021560770813901245	0.005962705563293556	0.005962705563293556	0.005962705563293556	0.005962705563293556	0.005962705563293556	0.2100976969301138	0.2100976969301138	0.2100976969301138	0.2100976969301138	0.2100976969301138	0.2100976969301138	0.0024038814245677157	0.0024038814245677157	0.0024038814245677157	0.0017586360544548593	0.0024038814245677157	0.19928177966303368	0.19928177966303368	0.20122515428052992	0.329327433816231	0.329327433816231	0.0	0.008606172973287078	0.014756965473950414
15	0.0	0.0	0.0	0.0	0.0	0.017119958648508116	0.4091359626105292	0.3178575475556108	0.3630444291777759	0.4233971610397366	0.04596331519481625	0.09684469142873056	0.8129128300817315	0.990063147964324	0.9422594836324071	1.0	0.8461871348568085	0.0	0.35224189360026087	0.03377166068276477	0.03154911677473398	0.01616527888864963	0.03154911677473398	0.029126486818583746	0.0	0.07183412476499394	0.04093462030974405	0.006762214606869734	0.006762214606869734	0.006762214606869734	0.006762214606869734	0.006762214606869734	0.19679656579804555	0.19679656579804555	0.19679656579804555	0.19679656579804555	0.19679656579804555	0.19679656579804555	0.002344861480118259	0.002344861480118259	0.002344861480118259	0.0017129882260587192	0.002344861480118259	0.2007330481681937	0.2007330481681937	0.20315652718754537	0.40817003216503	0.40817003216503	0.0	0.008619745553097765	0.013743212887859131
16	0.0	0.0	0.0	0.0	0.0	0.020231882457278787	0.0005544520265555773	0.03952457679593997	0.4331074956071421	0.029030269124686984	0.05431814465843167	0.11444831462306836	0.9648485042231376	0.8356007217221073	0.8455075759538653	0.8461871348568085	1.0	0.0	0.41638723015826395	0.07040372659464093	0.06871691143777096	0.05714340299739939	0.06871691143777096	0.0659224781728092	0.0	0.0904176331471098	0.0973149367619072	0.05227104347407762	0.05227104347407762	0.05227104347407762	0.05227104347407762	0.05227104347407762	0.26705975625309203	0.26705975625309203	0.26705975625309203	0.26705975625309203	0.26705975625309203	0.26705975625309203	0.00280407959650764	0.00280407959650764	0.00280407959650764	0.0020669491439343894	0.00280407959650764	0.023064887739328452	0.023064887739328452	0.029579861079465555	0.00017086703852477842	0.00017086703852477842	0.0	0.017018883825158447	0.009949409393233476
17	0.0	0.0	0.0	0.0	0.0	0.0	0.0	0.0	0.0	0.0	0.0	0.0	0.0	0.0	0.0	0.0	0.0	0.0	0.0	0.0	0.0	0.0	0.0	0.0	0.0	0.0	0.0	0.0	0.0	0.0	0.0	0.0	0.0	0.0	0.0	0.0	0.0	0.0	0.0	0.0	0.0	0.0	0.0	0.0	0.0	0.0	0.0	0.0	0.0	0.0	0.0
18	0.0	0.0	0.0	0.0	0.0	0.04723925082287272	0.05803845825272644	0.08276875675350936	0.4710095740634469	0.02265353692240318	0.06590193573334018	0.13386571655003882	0.41191254308980774	0.3550333700974702	0.3595074187998694	0.35224189360026087	0.41638723015826395	0.0	1.0	0.11716841147256425	0.11646183177044507	0.08662698833265567	0.11646183177044507	0.11256822857215139	0.0	0.061376604618130104	0.0728654608722987	0.013121609849947535	0.013121609849947535	0.013121609849947535	0.013121609849947535	0.013121609849947535	0.1541658596884658	0.1541658596884658	0.1541658596884658	0.1541658596884658	0.1541658596884658	0.1541658596884658	0.003954176877712418	0.003954176877712418	0.003954176877712418	0.0038936457279254255	0.003954176877712418	0.022513292256487256	0.022513292256487256	0.027415693907733546	0.05812215836367287	0.05812215836367287	0.0	0.02598041344578532	0.0020370690272859555
19	0.0	0.0	0.0	0.0	0.0	0.00016472059490639992	0.07040862199272735	0.11168293140869509	0.10200526610342976	0.06874440983166166	0.0012652921183800903	1.591755884094345e-05	0.08083133553846253	0.0346599359865395	0.018785812419034834	0.03377166068276477	0.07040372659464093	0.0	0.11716841147256425	1.0	0.9866202262142996	0.5527482168723478	0.9866202262142996	0.9836656833929475	0.0	0.06287194057820895	0.09930759162348886	0.03567066236247835	0.03567066236247835	0.03567066236247835	0.03567066236247835	0.03567066236247835	0.4623358540806415	0.4623358540806415	0.4623358540806415	0.4623358540806415	0.4623358540806415	0.4623358540806415	0.002602990825459457	0.002602990825459457	0.002602990825459457	0.002457490212659434	0.002602990825459457	0.04103180897374263	0.04103180897374263	0.03703374566883714	0.07038198916001039	0.07038198916001039	0.0	0.0149700635987909	0.010432530170851443
20	0.0	0.0	0.0	0.0	0.0	0.0001241877624266667	0.07129410060747796	0.11256112359281431	0.10112805547365852	0.06961615976169382	0.001614925836113157	1.430318372756135e-06	0.07907774586472105	0.0324490085656623	0.016621481358598224	0.03154911677473398	0.06871691143777096	0.0	0.11646183177044507	0.9866202262142996	1.0	0.5492075842604786	1.0	0.9970146565306672	0.0	0.06272999005564378	0.09975508683022212	0.035039996336437555	0.035039996336437555	0.035039996336437555	0.035039996336437555	0.035039996336437555	0.4637502358813172	0.4637502358813172	0.4637502358813172	0.4637502358813172	0.4637502358813172	0.4637502358813172	0.0026019095802277234	0.0026019095802277234	0.0026019095802277234	0.002456575499390392	0.0026019095802277234	0.0418673445887427	0.0418673445887427	0.03787848966441536	0.0712685498717344	0.0712685498717344	0.0	0.015565809440746719	0.01043726220449842
21	0.0	0.0	0.0	0.0	0.0	0.004173753312777842	0.08619138238042671	0.10187443816655521	0.08689346592374413	0.08525503005433147	0.0032194341915263622	0.00537315869608354	0.06509990711101218	0.017794768931138242	0.014590401214629957	0.01616527888864963	0.05714340299739939	0.0	0.08662698833265567	0.5527482168723478	0.5492075842604786	1.0	0.5492075842604786	0.5487088513846591	0.0	0.06299481456814235	0.04266682100082658	0.05020860474212764	0.05020860474212764	0.05020860474212764	0.05020860474212764	0.05020860474212764	0.2961635841567306	0.2961635841567306	0.2961635841567306	0.2961635841567306	0.2961635841567306	0.2961635841567306	3.2104115401413126e-05	3.2104115401413126e-05	3.2104115401413126e-05	7.225764747365527e-05	3.2104115401413126e-05	0.07468598510608633	0.07468598510608633	0.07312244739197356	0.08631887380390221	0.08631887380390221	0.0	0.007179978564505753	0.005820707969864526
22	0.0	0.0	0.0	0.0	0.0	0.0001241877624266667	0.07129410060747796	0.11256112359281431	0.10112805547365852	0.06961615976169382	0.001614925836113157	1.430318372756135e-06	0.07907774586472105	0.0324490085656623	0.016621481358598224	0.03154911677473398	0.06871691143777096	0.0	0.11646183177044507	0.9866202262142996	1.0	0.5492075842604786	1.0	0.9970146565306672	0.0	0.06272999005564378	0.09975508683022212	0.035039996336437555	0.035039996336437555	0.035039996336437555	0.035039996336437555	0.035039996336437555	0.4637502358813172	0.4637502358813172	0.4637502358813172	0.4637502358813172	0.4637502358813172	0.4637502358813172	0.0026019095802277234	0.0026019095802277234	0.0026019095802277234	0.002456575499390392	0.0026019095802277234	0.0418673445887427	0.0418673445887427	0.03787848966441536	0.0712685498717344	0.0712685498717344	0.0	0.015565809440746719	0.01043726220449842
23	0.0	0.0	0.0	0.0	0.0	0.0036153913150980457	0.07262720406808196	0.11382607055545033	0.09945288798909468	0.07377780310986938	0.02346922697539133	0.012877416598112385	0.07639461215384963	0.030072629602251294	0.014187475491032565	0.029126486818583746	0.0659224781728092	0.0	0.11256822857215139	0.9836656833929475	0.9970146565306672	0.5487088513846591	0.9970146565306672	1.0	0.0	0.06298927908640024	0.09932638340388071	0.03559949420574336	0.03559949420574336	0.03559949420574336	0.03559949420574336	0.03559949420574336	0.4632665877671225	0.4632665877671225	0.4632665877671225	0.4632665877671225	0.4632665877671225	0.4632665877671225	0.0026125061489727817	0.0026125061489727817	0.0026125061489727817	0.002465541028596565	0.0026125061489727817	0.04255859257718601	0.04255859257718601	0.038708277901114425	0.07260142982415022	0.07260142982415022	0.0	0.015478994586543534	0.0103909742529675
24	0.0	0.0	0.0	0.0	0.0	0.0	0.0	0.0	0.0	0.0	0.0	0.0	0.0	0.0	0.0	0.0	0.0	0.0	0.0	0.0	0.0	0.0	0.0	0.0	0.0	0.0	0.0	0.0	0.0	0.0	0.0	0.0	0.0	0.0	0.0	0.0	0.0	0.0	0.0	0.0	0.0	0.0	0.0	0.0	0.0	0.0	0.0	0.0	0.0	0.0	0.0
25	0.0	0.0	0.0	0.0	0.0	0.0018006846928384985	0.02796294321052176	0.022384610513108416	0.09121034940323829	0.027461980910761085	0.000943956187504667	0.0014735086322141015	0.09675130327918502	0.07229333784086212	0.07519477929473155	0.07183412476499394	0.0904176331471098	0.0	0.061376604618130104	0.06287194057820895	0.06272999005564378	0.06299481456814235	0.06272999005564378	0.06298927908640024	0.0	1.0	0.03673459219461913	0.0002783413707194487	0.0002783413707194487	0.0002783413707194487	0.0002783413707194487	0.0002783413707194487	0.022011903518366797	0.022011903518366797	0.022011903518366797	0.022011903518366797	0.022011903518366797	0.022011903518366797	0.00042547412503375967	0.00042547412503375967	0.00042547412503375967	0.0002594209978513502	0.00042547412503375967	0.007326200189504345	0.007326200189504345	0.015470749370774662	0.028062179409368507	0.028062179409368507	0.0	0.05445571669121657	0.08539082255935207
26	0.0	0.0	0.0	0.0	0.0	0.0008084305617480288	0.07258821934012953	0.10752333669018665	0.0642687481488008	0.07063548867160525	0.009068164313203633	0.0019858301250759765	0.10219228417403513	0.04434209835075676	0.021560770813901245	0.04093462030974405	0.0973149367619072	0.0	0.0728654608722987	0.09930759162348886	0.09975508683022212	0.04266682100082658	0.09975508683022212	0.09932638340388071	0.0	0.03673459219461913	1.0	0.05573943162565223	0.05573943162565223	0.05573943162565223	0.05573943162565223	0.05573943162565223	0.050424674983308396	0.050424674983308396	0.050424674983308396	0.050424674983308396	0.050424674983308396	0.050424674983308396	0.0006945479437388242	0.0006945479437388242	0.0006945479437388242	0.0005379938508947911	0.0006945479437388242	0.06119008011331088	0.06119008011331088	0.0630521638529587	0.07223512026830278	0.07223512026830278	0.0	0.005132716585480217	0.004793396008360764
27	0.0	0.0	0.0	0.0	0.0	0.0011460115180233466	0.09635909374983626	0.13772551915087977	0.061778703641613045	0.09692117372859771	0.005751775010045681	0.013161871651074408	0.055090528707016875	0.007833854171934017	0.005962705563293556	0.006762214606869734	0.05227104347407762	0.0	0.013121609849947535	0.03567066236247835	0.035039996336437555	0.05020860474212764	0.035039996336437555	0.03559949420574336	0.0	0.0002783413707194487	0.05573943162565223	1.0	1.0	1.0	1.0	1.0	0.06769601401502935	0.06769601401502935	0.06769601401502935	0.06769601401502935	0.06769601401502935	0.06769601401502935	0.0031657767525749532	0.0031657767525749532	0.0031657767525749532	0.002299484896571093	0.0031657767525749532	0.09425197765085563	0.09425197765085563	0.09434714595761459	0.09661614309165967	0.09661614309165967	0.0	0.0030577644150445787	0.04456302666809552
28	0.0	0.0	0.0	0.0	0.0	0.0011460115180233466	0.09635909374983626	0.13772551915087977	0.061778703641613045	0.09692117372859771	0.005751775010045681	0.013161871651074408	0.055090528707016875	0.007833854171934017	0.005962705563293556	0.006762214606869734	0.05227104347407762	0.0	0.013121609849947535	0.03567066236247835	0.035039996336437555	0.05020860474212764	0.035039996336437555	0.03559949420574336	0.0	0.0002783413707194487	0.05573943162565223	1.0	1.0	1.0	1.0	1.0	0.06769601401502935	0.06769601401502935	0.06769601401502935	0.06769601401502935	0.06769601401502935	0.06769601401502935	0.0031657767525749532	0.0031657767525749532	0.0031657767525749532	0.002299484896571093	0.0031657767525749532	0.09425197765085563	0.09425197765085563	0.09434714595761459	0.09661614309165967	0.09661614309165967	0.0	0.0030577644150445787	0.04456302666809552
29	0.0	0.0	0.0	0.0	0.0	0.0011460115180233466	0.09635909374983626	0.13772551915087977	0.061778703641613045	0.09692117372859771	0.005751775010045681	0.013161871651074408	0.055090528707016875	0.007833854171934017	0.005962705563293556	0.006762214606869734	0.05227104347407762	0.0	0.013121609849947535	0.03567066236247835	0.035039996336437555	0.05020860474212764	0.035039996336437555	0.03559949420574336	0.0	0.0002783413707194487	0.05573943162565223	1.0	1.0	1.0	1.0	1.0	0.06769601401502935	0.06769601401502935	0.06769601401502935	0.06769601401502935	0.06769601401502935	0.06769601401502935	0.0031657767525749532	0.0031657767525749532	0.0031657767525749532	0.002299484896571093	0.0031657767525749532	0.09425197765085563	0.09425197765085563	0.09434714595761459	0.09661614309165967	0.09661614309165967	0.0	0.0030577644150445787	0.04456302666809552
30	0.0	0.0	0.0	0.0	0.0	0.0011460115180233466	0.09635909374983626	0.13772551915087977	0.061778703641613045	0.09692117372859771	0.005751775010045681	0.013161871651074408	0.055090528707016875	0.007833854171934017	0.005962705563293556	0.006762214606869734	0.05227104347407762	0.0	0.013121609849947535	0.03567066236247835	0.035039996336437555	0.05020860474212764	0.035039996336437555	0.03559949420574336	0.0	0.0002783413707194487	0.05573943162565223	1.0	1.0	1.0	1.0	1.0	0.06769601401502935	0.06769601401502935	0.06769601401502935	0.06769601401502935	0.06769601401502935	0.06769601401502935	0.0031657767525749532	0.0031657767525749532	0.0031657767525749532	0.002299484896571093	0.0031657767525749532	0.09425197765085563	0.09425197765085563	0.09434714595761459	0.09661614309165967	0.09661614309165967	0.0	0.0030577644150445787	0.04456302666809552
31	0.0	0.0	0.0	0.0	0.0	0.0011460115180233466	0.09635909374983626	0.13772551915087977	0.061778703641613045	0.09692117372859771	0.005751775010045681	0.013161871651074408	0.055090528707016875	0.007833854171934017	0.005962705563293556	0.006762214606869734	0.05227104347407762	0.0	0.013121609849947535	0.03567066236247835	0.035039996336437555	0.05020860474212764	0.035039996336437555	0.03559949420574336	0.0	0.0002783413707194487	0.05573943162565223	1.0	1.0	1.0	1.0	1.0	0.06769601401502935	0.06769601401502935	0.06769601401502935	0.06769601401502935	0.06769601401502935	0.06769601401502935	0.0031657767525749532	0.0031657767525749532	0.0031657767525749532	0.002299484896571093	0.0031657767525749532	0.09425197765085563	0.09425197765085563	0.09434714595761459	0.09661614309165967	0.09661614309165967	0.0	0.0030577644150445787	0.04456302666809552
32	0.0	0.0	0.0	0.0	0.0	0.0027708315531732005	0.09890138656856128	0.10771343411066349	0.07734800214418969	0.09307201136313294	7.0550018969479115e-06	0.00865228415785007	0.2818417193434827	0.19844632954583605	0.2100976969301138	0.19679656579804555	0.26705975625309203	0.0	0.1541658596884658	0.4623358540806415	0.4637502358813172	0.2961635841567306	0.4637502358813172	0.4632665877671225	0.0	0.022011903518366797	0.050424674983308396	0.06769601401502935	0.06769601401502935	0.06769601401502935	0.06769601401502935	0.06769601401502935	1.0	1.0	1.0	1.0	1.0	1.0	0.0007703758586571252	0.0007703758586571252	0.0007703758586571252	0.0014308644210036144	0.0007703758586571252	0.19125939197521	0.19125939197521	0.18730635379384866	0.09944079847747458	0.09944079847747458	0.0	0.003569965484924247	0.02021641838132212
33	0.0	0.0	0.0	0.0	0.0	0.0027708315531732005	0.09890138656856128	0.10771343411066349	0.07734800214418969	0.09307201136313294	7.0550018969479115e-06	0.00865228415785007	0.2818417193434827	0.19844632954583605	0.2100976969301138	0.19679656579804555	0.26705975625309203	0.0	0.1541658596884658	0.4623358540806415	0.4637502358813172	0.2961635841567306	0.4637502358813172	0.4632665877671225	0.0	0.022011903518366797	0.050424674983308396	0.06769601401502935	0.06769601401502935	0.06769601401502935	0.06769601401502935	0.06769601401502935	1.0	1.0	1.0	1.0	1.0	1.0	0.0007703758586571252	0.0007703758586571252	0.0007703758586571252	0.0014308644210036144	0.0007703758586571252	0.19125939197521	0.19125939197521	0.18730635379384866	0.09944079847747458	0.09944079847747458	0.0	0.003569965484924247	0.02021641838132212
34	0.0	0.0	0.0	0.0	0.0	0.0027708315531732005	0.09890138656856128	0.10771343411066349	0.07734800214418969	0.09307201136313294	7.0550018969479115e-06	0.00865228415785007	0.2818417193434827	0.19844632954583605	0.2100976969301138	0.19679656579804555	0.26705975625309203	0.0	0.1541658596884658	0.4623358540806415	0.4637502358813172	0.2961635841567306	0.4637502358813172	0.4632665877671225	0.0	0.022011903518366797	0.050424674983308396	0.06769601401502935	0.06769601401502935	0.06769601401502935	0.06769601401502935	0.06769601401502935	1.0	1.0	1.0	1.0	1.0	1.0	0.0007703758586571252	0.0007703758586571252	0.0007703758586571252	0.0014308644210036144	0.0007703758586571252	0.19125939197521	0.19125939197521	0.18730635379384866	0.09944079847747458	0.09944079847747458	0.0	0.003569965484924247	0.02021641838132212
35	0.0	0.0	0.0	0.0	0.0	0.0027708315531732005	0.09890138656856128	0.10771343411066349	0.07734800214418969	0.09307201136313294	7.0550018969479115e-06	0.00865228415785007	0.2818417193434827	0.19844632954583605	0.2100976969301138	0.19679656579804555	0.26705975625309203	0.0	0.1541658596884658	0.4623358540806415	0.4637502358813172	0.2961635841567306	0.4637502358813172	0.4632665877671225	0.0	0.022011903518366797	0.050424674983308396	0.06769601401502935	0.06769601401502935	0.06769601401502935	0.06769601401502935	0.06769601401502935	1.0	1.0	1.0	1.0	1.0	1.0	0.0007703758586571252	0.0007703758586571252	0.0007703758586571252	0.0014308644210036144	0.0007703758586571252	0.19125939197521	0.19125939197521	0.18730635379384866	0.09944079847747458	0.09944079847747458	0.0	0.003569965484924247	0.02021641838132212
36	0.0	0.0	0.0	0.0	0.0	0.0027708315531732005	0.09890138656856128	0.10771343411066349	0.07734800214418969	0.09307201136313294	7.0550018969479115e-06	0.00865228415785007	0.2818417193434827	0.19844632954583605	0.2100976969301138	0.19679656579804555	0.26705975625309203	0.0	0.1541658596884658	0.4623358540806415	0.4637502358813172	0.2961635841567306	0.4637502358813172	0.4632665877671225	0.0	0.022011903518366797	0.050424674983308396	0.06769601401502935	0.06769601401502935	0.06769601401502935	0.06769601401502935	0.06769601401502935	1.0	1.0	1.0	1.0	1.0	1.0	0.0007703758586571252	0.0007703758586571252	0.0007703758586571252	0.0014308644210036144	0.0007703758586571252	0.19125939197521	0.19125939197521	0.18730635379384866	0.09944079847747458	0.09944079847747458	0.0	0.003569965484924247	0.02021641838132212
37	0.0	0.0	0.0	0.0	0.0	0.0027708315531732005	0.09890138656856128	0.10771343411066349	0.07734800214418969	0.09307201136313294	7.0550018969479115e-06	0.00865228415785007	0.2818417193434827	0.19844632954583605	0.2100976969301138	0.19679656579804555	0.26705975625309203	0.0	0.1541658596884658	0.4623358540806415	0.4637502358813172	0.2961635841567306	0.4637502358813172	0.4632665877671225	0.0	0.022011903518366797	0.050424674983308396	0.06769601401502935	0.06769601401502935	0.06769601401502935	0.06769601401502935	0.06769601401502935	1.0	1.0	1.0	1.0	1.0	1.0	0.0007703758586571252	0.0007703758586571252	0.0007703758586571252	0.0014308644210036144	0.0007703758586571252	0.19125939197521	0.19125939197521	0.18730635379384866	0.09944079847747458	0.09944079847747458	0.0	0.003569965484924247	0.02021641838132212
38	0.0	0.0	0.0	0.0	0.0	4.2073218611596194e-05	0.00015065551132596958	0.0006043290429286406	0.006324140769673754	0.00036974602565776943	0.00011295731775360854	0.0008226709395757507	0.002963955917141375	0.0023703593110940744	0.0024038814245677157	0.002344861480118259	0.00280407959650764	0.0	0.003954176877712418	0.002602990825459457	0.0026019095802277234	3.2104115401413126e-05	0.0026019095802277234	0.0026125061489727817	0.0	0.00042547412503375967	0.0006945479437388242	0.0031657767525749532	0.0031657767525749532	0.0031657767525749532	0.0031657767525749532	0.0031657767525749532	0.0007703758586571252	0.0007703758586571252	0.0007703758586571252	0.0007703758586571252	0.0007703758586571252	0.0007703758586571252	1.0	1.0	1.0	0.77459570031509	1.0	0.0037963784407780373	0.0037963784407780373	0.0040555142363621986	0.0001479994333017404	0.0001479994333017404	0.0	0.0001280811902300412	6.552329350774319e-05
39	0.0	0.0	0.0	0.0	0.0	4.2073218611596194e-05	0.00015065551132596958	0.0006043290429286406	0.006324140769673754	0.00036974602565776943	0.00011295731775360854	0.0008226709395757507	0.002963955917141375	0.0023703593110940744	0.0024038814245677157	0.002344861480118259	0.00280407959650764	0.0	0.003954176877712418	0.002602990825459457	0.0026019095802277234	3.2104115401413126e-05	0.0026019095802277234	0.0026125061489727817	0.0	0.00042547412503375967	0.0006945479437388242	0.0031657767525749532	0.0031657767525749532	0.0031657767525749532	0.0031657767525749532	0.0031657767525749532	0.0007703758586571252	0.0007703758586571252	0.0007703758586571252	0.0007703758586571252	0.0007703758586571252	0.0007703758586571252	1.0	1.0	1.0	0.77459570031509	1.0	0.0037963784407780373	0.0037963784407780373	0.0040555142363621986	0.0001479994333017404	0.0001479994333017404	0.0	0.0001280811902300412	6.552329350774319e-05
40	0.0	0.0	0.0	0.0	0.0	4.2073218611596194e-05	0.00015065551132596958	0.0006043290429286406	0.006324140769673754	0.00036974602565776943	0.00011295731775360854	0.0008226709395757507	0.002963955917141375	0.0023703593110940744	0.0024038814245677157	0.002344861480118259	0.00280407959650764	0.0	0.003954176877712418	0.002602990825459457	0.0026019095802277234	3.2104115401413126e-05	0.0026019095802277234	0.0026125061489727817	0.0	0.00042547412503375967	0.0006945479437388242	0.0031657767525749532	0.0031657767525749532	0.0031657767525749532	0.0031657767525749532	0.0031657767525749532	0.0007703758586571252	0.0007703758586571252	0.0007703758586571252	0.0007703758586571252	0.0007703758586571252	0.0007703758586571252	1.0	1.0	1.0	0.77459570031509	1.0	0.0037963784407780373	0.0037963784407780373	0.0040555142363621986	0.0001479994333017404	0.0001479994333017404	0.0	0.0001280811902300412	6.552329350774319e-05
41	0.0	0.0	0.0	0.0	0.0	3.2589734234650566e-05	0.0007137188807731435	0.00030794990575900324	0.0048986522478858315	0.0010146616768170798	8.749625265779835e-05	0.0011849653397021094	0.002295867509593826	0.0017327155527356794	0.0017586360544548593	0.0017129882260587192	0.0020669491439343894	0.0	0.0038936457279254255	0.002457490212659434	0.002456575499390392	7.225764747365527e-05	0.002456575499390392	0.002465541028596565	0.0	0.0002594209978513502	0.0005379938508947911	0.002299484896571093	0.002299484896571093	0.002299484896571093	0.002299484896571093	0.002299484896571093	0.0014308644210036144	0.0014308644210036144	0.0014308644210036144	0.0014308644210036144	0.0014308644210036144	0.0014308644210036144	0.77459570031509	0.77459570031509	0.77459570031509	1.0	0.77459570031509	0.0043948880562188946	0.0043948880562188946	0.004304334397225544	0.0007110400593739078	0.0007110400593739078	0.0	9.921113925874944e-05	5.075406141953062e-05
42	0.0	0.0	0.0	0.0	0.0	4.2073218611596194e-05	0.00015065551132596958	0.0006043290429286406	0.006324140769673754	0.00036974602565776943	0.00011295731775360854	0.0008226709395757507	0.002963955917141375	0.0023703593110940744	0.0024038814245677157	0.002344861480118259	0.00280407959650764	0.0	0.003954176877712418	0.002602990825459457	0.0026019095802277234	3.2104115401413126e-05	0.0026019095802277234	0.0026125061489727817	0.0	0.00042547412503375967	0.0006945479437388242	0.0031657767525749532	0.0031657767525749532	0.0031657767525749532	0.0031657767525749532	0.0031657767525749532	0.0007703758586571252	0.0007703758586571252	0.0007703758586571252	0.0007703758586571252	0.0007703758586571252	0.0007703758586571252	1.0	1.0	1.0	0.77459570031509	1.0	0.0037963784407780373	0.0037963784407780373	0.0040555142363621986	0.0001479994333017404	0.0001479994333017404	0.0	0.0001280811902300412	6.552329350774319e-05
43	0.0	0.0	0.0	0.0	0.0	1.1392272477177962e-05	0.3702690816060617	0.3954517711734007	0.06518282578450113	0.35850420619204765	0.0013106137979296856	0.00357549362490147	0.024375796399081485	0.20195408783687355	0.19928177966303368	0.2007330481681937	0.023064887739328452	0.0	0.022513292256487256	0.04103180897374263	0.0418673445887427	0.07468598510608633	0.0418673445887427	0.04255859257718601	0.0	0.007326200189504345	0.06119008011331088	0.09425197765085563	0.09425197765085563	0.09425197765085563	0.09425197765085563	0.09425197765085563	0.19125939197521	0.19125939197521	0.19125939197521	0.19125939197521	0.19125939197521	0.19125939197521	0.0037963784407780373	0.0037963784407780373	0.0037963784407780373	0.0043948880562188946	0.0037963784407780373	1.0	1.0	0.9808156589242082	0.3723289593059622	0.3723289593059622	0.0	0.010109495311216998	0.007362473213906772
44	0.0	0.0	0.0	0.0	0.0	1.1392272477177962e-05	0.3702690816060617	0.3954517711734007	0.06518282578450113	0.35850420619204765	0.0013106137979296856	0.00357549362490147	0.024375796399081485	0.20195408783687355	0.19928177966303368	0.2007330481681937	0.023064887739328452	0.0	0.022513292256487256	0.04103180897374263	0.0418673445887427	0.07468598510608633	0.0418673445887427	0.04255859257718601	0.0	0.007326200189504345	0.06119008011331088	0.09425197765085563	0.09425197765085563	0.09425197765085563	0.09425197765085563	0.09425197765085563	0.19125939197521	0.19125939197521	0.19125939197521	0.19125939197521	0.19125939197521	0.19125939197521	0.0037963784407780373	0.0037963784407780373	0.0037963784407780373	0.0043948880562188946	0.0037963784407780373	1.0	1.0	0.9808156589242082	0.3723289593059622	0.3723289593059622	0.0	0.010109495311216998	0.007362473213906772
45	0.0	0.0	0.0	0.0	0.0	4.188693755925371e-05	0.3626489212796291	0.38682215207680537	0.0754125496099897	0.35120558842491006	0.0008837992240158383	0.0030694756725057116	0.031086444087652886	0.20416094678175822	0.20122515428052992	0.20315652718754537	0.029579861079465555	0.0	0.027415693907733546	0.03703374566883714	0.03787848966441536	0.07312244739197356	0.03787848966441536	0.038708277901114425	0.0	0.015470749370774662	0.0630521638529587	0.09434714595761459	0.09434714595761459	0.09434714595761459	0.09434714595761459	0.09434714595761459	0.18730635379384866	0.18730635379384866	0.18730635379384866	0.18730635379384866	0.18730635379384866	0.18730635379384866	0.0040555142363621986	0.0040555142363621986	0.0040555142363621986	0.004304334397225544	0.0040555142363621986	0.9808156589242082	0.9808156589242082	1.0	0.3646672112544954	0.3646672112544954	0.0	0.010208811349788634	0.0068400027188182735
46	0.0	0.0	0.0	0.0	0.0	0.0006341506634034889	0.9985573194724069	0.806051007575827	0.08452263015511818	0.96492815757271	0.0034317299479286805	0.006245298759761099	0.008352867764857547	0.41226894072642084	0.329327433816231	0.40817003216503	0.00017086703852477842	0.0	0.05812215836367287	0.07038198916001039	0.0712685498717344	0.08631887380390221	0.0712685498717344	0.07260142982415022	0.0	0.028062179409368507	0.07223512026830278	0.09661614309165967	0.09661614309165967	0.09661614309165967	0.09661614309165967	0.09661614309165967	0.09944079847747458	0.09944079847747458	0.09944079847747458	0.09944079847747458	0.09944079847747458	0.09944079847747458	0.0001479994333017404	0.0001479994333017404	0.0001479994333017404	0.0007110400593739078	0.0001479994333017404	0.3723289593059622	0.3723289593059622	0.3646672112544954	1.0	1.0	0.0	0.016846151648714985	0.008425365157241385
47	0.0	0.0	0.0	0.0	0.0	0.0006341506634034889	0.9985573194724069	0.806051007575827	0.08452263015511818	0.96492815757271	0.0034317299479286805	0.006245298759761099	0.008352867764857547	0.41226894072642084	0.329327433816231	0.40817003216503	0.00017086703852477842	0.0	0.05812215836367287	0.07038198916001039	0.0712685498717344	0.08631887380390221	0.0712685498717344	0.07260142982415022	0.0	0.028062179409368507	0.07223512026830278	0.09661614309165967	0.09661614309165967	0.09661614309165967	0.09661614309165967	0.09661614309165967	0.09944079847747458	0.09944079847747458	0.09944079847747458	0.09944079847747458	0.09944079847747458	0.09944079847747458	0.0001479994333017404	0.0001479994333017404	0.0001479994333017404	0.0007110400593739078	0.0001479994333017404	0.3723289593059622	0.3723289593059622	0.3646672112544954	1.0	1.0	0.0	0.016846151648714985	0.008425365157241385
48	0.0	0.0	0.0	0.0	0.0	0.0	0.0	0.0	0.0	0.0	0.0	0.0	0.0	0.0	0.0	0.0	0.0	0.0	0.0	0.0	0.0	0.0	0.0	0.0	0.0	0.0	0.0	0.0	0.0	0.0	0.0	0.0	0.0	0.0	0.0	0.0	0.0	0.0	0.0	0.0	0.0	0.0	0.0	0.0	0.0	0.0	0.0	0.0	0.0	0.0	0.0
49	0.0	0.0	0.0	0.0	0.0	0.0005944114481094461	0.01681247013116026	0.017603622754233314	0.03050353108969711	0.015619106866632452	0.0016612828221595868	0.002759715286473955	0.016696954689107577	0.008270758361302099	0.008606172973287078	0.008619745553097765	0.017018883825158447	0.0	0.02598041344578532	0.0149700635987909	0.015565809440746719	0.007179978564505753	0.015565809440746719	0.015478994586543534	0.0	0.05445571669121657	0.005132716585480217	0.0030577644150445787	0.0030577644150445787	0.0030577644150445787	0.0030577644150445787	0.0030577644150445787	0.003569965484924247	0.003569965484924247	0.003569965484924247	0.003569965484924247	0.003569965484924247	0.003569965484924247	0.0001280811902300412	0.0001280811902300412	0.0001280811902300412	9.921113925874944e-05	0.0001280811902300412	0.010109495311216998	0.010109495311216998	0.010208811349788634	0.016846151648714985	0.016846151648714985	0.0	1.0	0.001341827617869949
50	0.0	0.0	0.0	0.0	0.0	0.0006954788472155358	0.008407933677062293	0.009106439177173846	0.016881909900590412	0.007937378309447164	0.0049640938537213386	0.0012551896681918483	0.004852569514596016	0.01472731678217004	0.014756965473950414	0.013743212887859131	0.009949409393233476	0.0	0.0020370690272859555	0.010432530170851443	0.01043726220449842	0.005820707969864526	0.01043726220449842	0.0103909742529675	0.0	0.08539082255935207	0.004793396008360764	0.04456302666809552	0.04456302666809552	0.04456302666809552	0.04456302666809552	0.04456302666809552	0.02021641838132212	0.02021641838132212	0.02021641838132212	0.02021641838132212	0.02021641838132212	0.02021641838132212	6.552329350774319e-05	6.552329350774319e-05	6.552329350774319e-05	5.075406141953062e-05	6.552329350774319e-05	0.007362473213906772	0.007362473213906772	0.0068400027188182735	0.008425365157241385	0.008425365157241385	0.0	0.001341827617869949	1.0
